I: 1.12 0.96 0.8 1.2 1.11 0.81 1.11 0.88 0.96 -0.24 -0.24 0.81 -0.23 0.56 0.0 1.84 0.24
T: 1 0 0 0;

I: 1.32 1.04 1.12 1.28 0.55 0.72 0.96 0.88 0.88 -0.24 -0.24 0.24 0.01 0.64 0.0 1.84 0.24
T: 1 0 0 0;

I: 1.2 1.2 1.05 1.52 0.55 0.56 0.81 1.28 1.04 -0.24 -0.57 -0.24 0.01 0.32 0.0 1.83 -0.24
T: 1 0 0 0;

I: 1.11 0.88 0.79 0.8 0.79 0.64 0.72 0.64 0.56 -0.24 0.01 0.24 0.01 0.72 0.0 1.92 0.32
T: 1 0 0 0;

I: 0.95 1.04 0.96 0.88 0.97 0.56 0.96 1.28 0.95 0.24 0.24 0.24 0.0 0.55 0.0 2.0 -0.23
T: 1 0 0 0;

I: 1.52 0.96 0.89 1.11 0.96 0.72 0.72 1.11 0.88 -0.32 -0.24 0.24 -0.24 0.56 0.0 1.77 0.24
T: 1 0 0 0;

I: 1.2 0.71 0.81 0.8 0.95 0.64 0.73 1.2 0.95 0.01 0.24 0.31 0.01 0.55 0.0 1.75 0.01
T: 1 0 0 0;

I: 1.35 1.03 0.95 0.96 0.87 0.64 0.88 1.04 1.04 -0.23 -0.24 0.24 0.01 0.64 0.0 1.68 0.0
T: 1 0 0 0;

I: 1.27 1.11 0.96 0.88 1.12 0.56 0.8 0.96 0.8 -0.23 -0.24 -0.24 0.32 0.24 0.0 1.92 0.24
T: 1 0 0 0;

I: 0.88 0.95 0.89 1.04 0.96 0.64 0.88 0.88 0.88 0.01 -0.24 0.31 -0.24 0.88 0.0 1.68 0.24
T: 1 0 0 0;

I: 1.19 1.36 0.89 1.19 1.12 0.72 0.8 0.96 1.04 -0.32 -0.24 0.01 0.24 0.33 0.0 2.08 0.56
T: 1 0 0 0;

I: 1.28 1.28 1.12 1.04 0.97 0.64 0.72 1.2 1.04 -0.24 -0.24 0.24 0.0 0.64 0.0 1.84 -0.24
T: 1 0 0 0;

I: 1.2 1.35 1.04 0.96 1.12 0.64 0.8 1.12 0.96 0.01 -0.32 0.4 0.32 0.4 0.0 1.84 -0.24
T: 1 0 0 0;

I: 1.2 1.11 0.87 1.04 0.88 0.56 0.8 1.04 1.12 0.01 0.25 0.32 -0.24 0.72 0.0 1.52 0.24
T: 1 0 0 0;

I: 1.12 1.04 0.96 0.96 1.03 0.56 0.88 1.12 0.95 -0.32 -0.24 0.32 0.01 0.4 0.0 1.6 -0.23
T: 1 0 0 0;

I: 1.44 1.2 0.88 0.88 1.03 0.63 0.8 1.36 0.81 -0.24 -0.24 0.24 0.01 0.48 0.0 1.6 -0.24
T: 1 0 0 0;

I: 1.19 1.36 1.12 1.44 0.72 0.64 0.88 1.28 1.04 -0.24 -0.33 -0.24 -0.24 0.88 0.0 1.6 -0.24
T: 1 0 0 0;

I: 1.35 1.28 0.79 1.05 1.11 0.64 0.88 1.04 1.04 -0.48 0.01 0.23 0.01 0.48 0.0 1.76 -0.25
T: 1 0 0 0;

I: 1.28 1.04 0.88 1.28 0.97 0.56 0.8 0.72 0.88 -0.4 -0.24 0.32 -0.24 0.55 0.0 2.23 0.56
T: 1 0 0 0;

I: 1.2 0.79 1.12 0.89 1.04 0.64 0.72 1.12 1.04 0.01 0.4 0.23 0.79 0.56 0.0 1.68 -0.24
T: 1 0 0 0;

I: 1.43 1.2 0.88 1.05 1.2 0.56 0.72 1.12 0.88 -0.24 -0.24 0.23 -0.24 0.48 0.0 1.76 0.24
T: 1 0 0 0;

I: 1.44 1.36 0.8 1.28 0.88 0.64 0.64 0.88 1.11 -0.24 -0.24 0.56 -0.24 0.88 0.0 1.76 0.01
T: 1 0 0 0;

I: 1.12 1.04 0.87 0.87 0.8 0.56 0.72 0.95 0.72 -0.32 0.01 0.01 0.24 0.55 0.0 1.61 0.24
T: 1 0 0 0;

I: 0.94 0.95 1.11 0.88 0.88 0.64 0.72 0.72 0.87 0.01 0.01 -0.24 0.32 0.32 0.0 2.0 0.33
T: 1 0 0 0;

I: 1.04 1.11 1.12 1.2 0.96 0.8 0.96 1.12 1.2 0.01 -0.32 -0.24 1.12 0.64 0.0 1.52 -0.32
T: 1 0 0 0;

I: 1.36 1.11 0.88 1.13 1.12 0.64 0.88 1.52 0.63 -0.23 -0.24 0.23 -0.24 0.56 0.0 1.68 0.01
T: 1 0 0 0;

I: 1.12 1.2 0.96 0.87 0.8 0.64 0.72 0.96 0.96 -0.32 -0.23 0.01 0.24 0.32 0.0 1.76 0.24
T: 1 0 0 0;

I: 1.2 0.8 0.87 1.05 1.12 0.56 0.88 0.95 0.81 0.24 0.01 0.32 0.23 0.48 0.0 1.93 0.24
T: 1 0 0 0;

I: 1.36 0.96 1.04 0.96 1.03 0.65 0.96 0.96 0.96 -0.32 0.24 0.32 0.0 0.56 0.0 1.76 0.24
T: 1 0 0 0;

I: 1.29 0.96 1.04 1.11 0.96 0.64 0.72 0.96 0.88 0.23 -0.24 0.01 0.24 0.4 0.0 1.92 0.24
T: 1 0 0 0;

I: 1.36 0.96 0.95 1.04 1.11 0.56 0.8 0.88 1.04 -0.24 0.01 0.32 0.01 0.48 0.0 1.84 0.47
T: 1 0 0 0;

I: 1.03 0.88 1.11 1.04 1.11 0.56 0.88 1.36 1.2 0.24 -0.23 -0.24 0.01 0.32 0.0 1.76 -0.32
T: 1 0 0 0;

I: 1.2 1.52 0.72 0.8 1.03 0.64 0.72 0.96 0.96 -0.24 -0.24 0.32 0.01 0.48 0.0 1.77 0.24
T: 1 0 0 0;

I: 1.28 0.96 0.64 1.05 0.96 0.64 0.8 0.88 0.87 -0.24 0.24 0.24 -0.33 0.64 0.0 1.84 0.24
T: 1 0 0 0;

I: 1.12 1.04 0.96 0.89 0.73 0.72 0.64 1.2 0.64 0.24 -0.32 0.32 0.23 0.56 0.0 1.76 -0.24
T: 1 0 0 0;

I: 1.19 1.12 1.05 1.04 0.96 0.56 0.88 0.88 1.12 0.24 -0.32 0.23 0.01 0.63 0.0 1.68 0.32
T: 1 0 0 0;

I: 0.87 0.81 0.96 0.64 0.96 0.72 0.64 1.13 0.55 0.24 0.23 0.56 0.96 0.32 0.0 1.52 0.0
T: 1 0 0 0;

I: 1.28 1.28 0.88 1.12 1.12 0.64 0.88 0.88 0.95 -0.24 -0.32 0.32 -0.25 0.64 0.0 1.68 0.01
T: 1 0 0 0;

I: 1.2 1.11 0.96 0.95 0.88 0.56 0.89 0.87 1.03 -0.24 -0.32 0.01 0.24 0.56 0.0 2.4 0.33
T: 1 0 0 0;

I: 1.36 1.03 1.03 0.87 1.28 0.56 0.88 1.2 0.96 -0.32 0.01 0.01 0.24 0.24 0.0 1.76 -0.24
T: 1 0 0 0;

I: 1.28 1.36 0.96 1.12 0.96 0.56 0.81 0.96 1.03 -0.24 -0.24 0.24 -0.24 0.56 0.0 1.84 0.24
T: 1 0 0 0;

I: 1.28 1.44 1.12 1.36 0.96 0.56 0.88 0.96 0.96 -0.33 -0.32 -0.24 -0.24 0.56 0.0 2.0 0.32
T: 1 0 0 0;

I: 1.12 1.2 1.04 0.95 1.03 0.72 0.88 1.19 0.96 -0.24 -0.25 0.01 0.01 0.56 0.0 1.77 -0.32
T: 1 0 0 0;

I: 1.04 0.96 0.8 1.51 0.89 0.64 0.72 1.11 0.8 0.56 0.24 0.01 -0.24 0.47 0.0 1.77 0.24
T: 1 0 0 0;

I: 1.36 0.96 1.12 1.04 0.96 0.24 0.96 0.96 1.03 -0.32 -0.24 2.24 0.4 0.63 0.0 1.84 0.01
T: 1 0 0 0;

I: 1.59 1.04 1.13 1.2 1.03 0.24 0.88 1.28 1.11 -0.24 0.24 0.87 0.01 0.72 0.0 1.99 -0.32
T: 1 0 0 0;

I: 1.12 0.95 0.87 0.72 0.8 0.56 0.73 1.05 0.8 -0.24 0.01 0.24 0.24 0.48 0.0 1.51 0.24
T: 1 0 0 0;

I: 1.2 0.87 0.95 1.11 0.95 0.56 0.8 0.96 0.88 0.01 0.01 0.01 0.0 0.4 0.0 1.92 0.4
T: 1 0 0 0;

I: 0.89 1.2 1.03 0.64 0.96 0.56 0.79 0.72 0.88 0.23 0.01 0.24 0.25 0.48 0.0 1.84 0.48
T: 1 0 0 0;

I: 1.36 1.11 0.89 1.05 0.96 0.64 0.88 0.97 0.88 -0.31 -0.24 0.23 -0.25 1.04 0.0 1.92 0.23
T: 1 0 0 0;

I: 1.48 1.52 1.11 1.2 1.2 0.89 0.39 1.16 2.92 0.09 -1.02 0.13 -0.33 0.23 0.0 1.5 -0.39
T: 0 1 0 0;

I: 1.11 1.18 1.2 1.11 1.27 1.02 0.52 1.07 1.17 0.87 0.16 0.62 0.33 0.61 0.0 1.83 0.35
T: 0 1 0 0;

I: 1.21 1.07 0.15 1.2 1.29 0.96 0.73 3.48 0.01 0.25 1.51 0.7 0.29 1.02 0.0 1.98 0.03
T: 0 1 0 0;

I: 1.11 1.27 1.11 1.01 1.19 0.93 1.16 0.97 1.06 1.84 0.92 0.85 0.51 0.74 0.0 1.94 0.77
T: 0 1 0 0;

I: 1.08 1.37 0.99 1.06 1.01 1.05 0.68 1.0 0.88 0.72 1.28 0.92 0.7 0.48 0.0 2.14 1.53
T: 0 1 0 0;

I: 1.2 1.27 1.12 1.09 1.11 1.08 1.04 1.1 0.92 1.32 1.15 1.21 1.04 1.67 0.0 2.12 1.11
T: 0 1 0 0;

I: 1.38 0.97 0.99 1.02 1.33 0.93 0.68 1.2 1.15 0.22 1.46 0.91 0.59 0.47 0.0 1.87 0.23
T: 0 1 0 0;

I: 1.07 1.35 1.14 1.17 1.16 1.05 0.65 1.05 1.11 0.65 0.43 0.48 0.34 0.58 0.0 1.89 0.36
T: 0 1 0 0;

I: 1.29 1.1 1.0 1.18 1.21 1.02 0.89 1.03 1.05 0.68 1.09 1.01 0.67 0.85 0.0 2.02 0.47
T: 0 1 0 0;

I: 1.26 1.33 1.03 1.35 1.26 1.05 0.64 1.17 0.02 2.25 0.41 0.69 0.8 4.14 0.0 2.18 5.4
T: 0 1 0 0;

I: 1.18 1.24 1.29 2.54 0.9 1.08 0.46 1.03 1.13 0.39 -0.93 0.49 0.02 2.82 0.0 2.79 2.04
T: 0 1 0 0;

I: 1.16 1.33 1.3 1.17 1.24 0.92 0.54 0.97 1.01 0.23 -0.28 0.08 0.34 0.18 0.0 1.96 1.1
T: 0 1 0 0;

I: 1.16 1.21 0.95 0.99 1.02 2.83 0.02 0.82 1.07 1.12 1.2 1.39 2.59 1.07 0.0 1.72 1.48
T: 0 1 0 0;

I: 1.34 1.19 1.21 1.07 1.11 0.84 0.48 1.1 1.03 1.35 0.71 0.4 1.37 0.49 0.0 1.88 1.05
T: 0 1 0 0;

I: 1.0 0.35 0.97 1.07 1.16 0.92 1.28 0.92 0.84 2.25 0.87 0.9 0.76 1.24 0.0 2.26 1.55
T: 0 1 0 0;

I: 1.16 1.22 0.99 1.26 1.1 1.02 0.93 1.53 0.97 0.63 0.56 0.78 0.5 0.82 0.0 2.34 0.88
T: 0 1 0 0;

I: 1.25 1.3 1.17 1.14 1.15 0.87 0.9 1.07 2.24 0.49 0.93 0.27 1.1 1.19 0.0 2.06 0.38
T: 0 1 0 0;

I: 0.84 1.3 0.96 1.19 1.2 1.02 0.66 1.21 1.1 2.0 0.91 0.66 0.29 1.14 0.0 2.03 1.07
T: 0 1 0 0;

I: 1.17 0.17 1.01 1.13 1.08 1.55 0.47 1.11 0.74 2.26 0.76 1.54 0.96 1.04 0.0 2.61 1.23
T: 0 1 0 0;

I: 1.13 1.44 1.06 1.14 1.01 2.01 0.03 1.06 1.21 0.53 -0.38 0.79 0.48 0.93 0.0 1.4 0.24
T: 0 1 0 0;

I: 1.48 0.42 0.98 1.21 1.12 1.03 0.7 1.03 1.04 2.79 1.47 0.23 0.95 0.9 0.0 1.8 0.44
T: 0 1 0 0;

I: 1.11 1.24 0.92 1.03 1.15 1.08 1.13 1.26 1.15 1.17 0.67 1.15 1.13 1.24 0.0 2.23 1.14
T: 0 1 0 0;

I: 1.21 1.4 0.03 1.08 1.06 1.06 0.64 1.58 1.09 0.6 2.44 0.18 0.46 0.78 0.0 1.89 0.02
T: 0 1 0 0;

I: 1.15 1.27 1.06 1.25 1.01 1.22 0.89 1.21 1.25 1.32 0.83 1.15 0.95 1.26 0.0 1.97 0.71
T: 0 1 0 0;

I: 1.14 1.39 1.01 1.02 1.82 0.9 1.35 1.06 1.08 1.29 1.53 1.58 1.34 0.66 0.0 2.09 1.57
T: 0 1 0 0;

I: 2.41 1.02 0.91 1.06 1.19 0.65 1.08 0.99 1.07 0.06 1.45 1.01 0.95 1.48 0.0 2.15 1.31
T: 0 1 0 0;

I: 1.21 1.15 1.11 1.03 1.16 1.24 0.25 1.06 0.92 0.65 0.19 0.22 0.26 0.46 0.0 1.97 0.2
T: 0 1 0 0;

I: 1.55 1.25 1.07 1.06 1.15 0.75 1.44 0.82 0.93 0.49 0.74 0.92 1.06 1.2 0.0 2.43 1.26
T: 0 1 0 0;

I: 0.91 1.25 1.02 1.06 0.99 0.92 1.14 1.11 1.11 1.22 1.26 1.13 0.58 1.4 0.0 2.09 0.59
T: 0 1 0 0;

I: 1.16 1.72 1.03 1.11 1.25 0.89 1.33 1.02 0.98 1.34 0.95 1.35 0.67 1.2 0.0 2.03 1.03
T: 0 1 0 0;

I: 1.39 1.45 1.09 1.15 1.12 0.87 1.47 1.25 1.2 1.89 1.76 1.37 1.39 1.86 0.0 2.4 1.05
T: 0 1 0 0;

I: 1.01 1.22 3.37 0.02 0.93 1.08 0.63 1.07 0.24 0.64 0.46 0.04 0.0 0.85 0.0 2.07 1.34
T: 0 1 0 0;

I: 1.1 1.29 1.18 1.11 1.2 2.23 0.02 1.07 1.01 0.44 0.12 0.84 0.45 0.98 0.0 1.34 1.42
T: 0 1 0 0;

I: 1.21 1.44 1.11 1.07 1.13 0.85 0.55 1.0 1.07 0.78 0.71 0.32 0.42 0.47 0.0 1.94 0.86
T: 0 1 0 0;

I: 1.04 1.35 1.1 1.13 1.24 1.18 0.56 1.12 1.15 1.03 1.98 0.34 2.12 2.59 0.0 2.03 0.62
T: 0 1 0 0;

I: 1.15 1.26 1.15 1.15 1.15 1.88 0.02 1.11 0.97 0.62 0.58 0.37 0.59 0.35 0.0 1.7 0.66
T: 0 1 0 0;

I: 1.17 1.11 1.12 1.22 1.13 1.05 0.48 1.21 1.03 1.14 1.31 0.12 5.43 2.85 0.0 1.94 0.6
T: 0 1 0 0;

I: 1.16 1.38 1.08 3.64 0.02 0.44 0.8 1.06 0.98 1.06 0.29 0.62 0.03 0.01 0.0 2.11 0.46
T: 0 1 0 0;

I: 1.12 2.52 0.97 1.13 1.01 0.93 1.45 0.97 1.2 1.51 0.03 1.31 1.19 1.69 0.0 2.33 1.21
T: 0 1 0 0;

I: 1.09 1.26 1.07 1.05 1.1 1.06 1.39 1.03 1.05 1.68 1.2 1.37 1.09 1.45 0.0 2.34 1.35
T: 0 1 0 0;

I: 1.44 1.01 1.07 1.21 0.03 0.55 1.01 1.26 1.11 1.68 1.87 1.26 3.48 0.01 0.0 1.93 0.42
T: 0 1 0 0;

I: 1.07 1.43 1.15 1.07 1.03 1.08 0.52 1.02 1.24 0.25 0.31 0.27 0.26 0.91 0.0 2.18 0.62
T: 0 1 0 0;

I: 1.13 1.46 1.12 1.16 1.2 0.97 0.92 1.02 1.21 0.42 1.01 0.8 0.54 1.22 0.0 2.31 1.29
T: 0 1 0 0;

I: 1.52 1.35 1.18 1.06 1.25 0.45 0.78 0.91 0.87 -0.46 -0.02 0.15 0.7 1.36 0.0 1.99 0.58
T: 0 1 0 0;

I: 1.07 1.49 1.04 0.47 1.11 1.15 1.09 0.53 1.02 2.48 1.14 1.93 0.84 2.21 0.0 3.11 1.11
T: 0 1 0 0;

I: 1.31 1.44 1.2 1.22 1.27 1.08 0.46 1.07 1.12 0.88 0.2 0.71 0.45 0.09 0.0 1.66 0.02
T: 0 1 0 0;

I: 1.01 1.15 0.94 1.17 1.16 0.74 1.23 1.11 1.14 1.41 1.22 1.05 1.13 1.07 0.0 2.09 -0.01
T: 0 1 0 0;

I: 1.2 1.1 1.17 1.13 1.03 1.03 0.64 0.93 1.02 0.24 0.47 0.1 0.49 0.93 0.0 2.26 0.31
T: 0 1 0 0;

I: 1.26 1.17 1.08 1.02 1.15 0.97 0.32 1.03 0.89 0.03 -0.57 -0.06 0.15 -0.05 0.0 2.0 0.8
T: 0 1 0 0;

I: 0.8 1.3 1.03 0.97 1.59 1.02 1.22 1.2 3.79 0.66 0.82 1.2 1.41 1.73 0.0 2.33 0.5
T: 0 1 0 0;

I: 1.2 1.2 1.28 1.44 1.12 0.72 0.72 0.73 1.69 -0.24 0.32 1.28 -0.23 0.88 0.0 1.76 0.23
T: 0 0 1 0;

I: 1.2 1.11 1.2 1.12 0.96 0.72 0.71 0.72 1.44 -0.32 0.64 0.64 0.24 1.04 0.0 1.76 0.24
T: 0 0 1 0;

I: 1.36 1.13 1.2 1.36 1.36 0.64 0.8 0.64 1.61 -0.25 0.24 1.36 0.56 0.56 0.0 1.84 0.31
T: 0 0 1 0;

I: 1.12 0.64 1.12 1.44 1.2 0.64 0.8 0.97 1.44 0.24 1.36 1.36 0.24 0.48 0.0 1.92 0.24
T: 0 0 1 0;

I: 1.2 0.8 1.29 1.28 1.12 0.72 0.88 0.96 1.44 -0.24 0.4 1.43 0.0 0.88 0.0 1.76 0.24
T: 0 0 1 0;

I: 1.28 1.43 1.29 1.28 1.28 0.72 0.8 0.89 1.68 0.01 0.23 2.0 0.63 0.72 0.0 1.91 0.32
T: 0 0 1 0;

I: 1.12 0.72 1.2 1.29 1.2 0.64 0.88 0.89 1.26 0.24 1.21 0.87 0.24 0.64 0.0 2.0 0.01
T: 0 0 1 0;

I: 1.04 1.03 1.2 1.28 1.28 0.64 0.88 1.12 1.6 0.01 0.48 1.36 0.24 0.88 0.0 1.52 -0.16
T: 0 0 1 0;

I: 1.35 0.72 1.12 1.2 0.88 0.72 0.72 0.88 1.52 -0.24 0.32 3.12 0.24 0.96 0.0 1.76 0.32
T: 0 0 1 0;

I: 1.28 1.04 1.29 1.2 1.19 0.81 0.8 0.96 1.52 -0.24 0.79 1.05 0.96 1.04 0.0 2.0 -0.24
T: 0 0 1 0;

I: 1.35 1.29 1.13 1.29 0.88 0.56 0.88 1.62 0.95 -0.32 0.23 0.95 0.24 0.8 0.0 1.74 0.01
T: 0 0 1 0;

I: 1.44 0.89 1.37 1.2 1.12 0.64 0.71 0.8 1.36 -0.32 0.55 0.56 0.32 0.24 0.0 1.76 0.24
T: 0 0 1 0;

I: 1.12 1.2 0.88 1.28 1.28 0.48 0.72 0.88 1.36 0.32 0.72 0.97 0.64 0.48 0.0 1.92 0.24
T: 0 0 1 0;

I: 1.44 0.88 1.26 1.2 1.04 0.64 0.72 0.96 1.51 -0.24 0.25 0.72 0.24 0.4 0.0 1.68 0.01
T: 0 0 1 0;

I: 1.36 1.2 0.96 1.36 1.12 0.63 0.8 0.89 1.21 -0.24 0.56 1.04 0.96 0.96 0.0 1.76 0.31
T: 0 0 1 0;

I: 1.28 1.19 1.29 1.36 0.88 0.64 0.8 0.88 1.52 -0.24 0.24 2.0 0.24 1.2 0.0 1.84 0.24
T: 0 0 1 0;

I: 1.04 1.68 1.52 1.28 0.88 0.56 0.88 0.64 1.76 0.4 0.24 2.16 0.64 1.36 0.0 1.76 0.24
T: 0 0 1 0;

I: 1.44 0.72 1.2 1.2 1.27 0.56 0.8 0.72 1.52 -0.23 0.55 0.88 0.01 0.31 0.0 1.68 0.32
T: 0 0 1 0;

I: 1.04 1.11 1.21 1.12 1.52 0.55 0.72 0.88 1.28 -0.24 0.32 1.04 0.24 0.01 0.0 1.84 0.23
T: 0 0 1 0;

I: 1.6 0.54 1.12 1.28 0.88 0.8 0.64 1.04 1.43 0.01 0.24 1.51 0.24 0.63 0.0 1.84 0.01
T: 0 0 1 0;

I: 1.13 1.2 1.12 1.12 1.13 0.72 0.81 0.96 1.69 -0.24 0.24 0.56 0.23 0.32 0.0 1.84 0.23
T: 0 0 1 0;

I: 1.37 1.11 1.2 1.44 0.96 0.56 0.88 0.96 1.28 -0.24 0.01 1.44 -0.32 0.96 0.0 1.84 0.24
T: 0 0 1 0;

I: 1.43 0.96 1.2 1.2 1.28 0.56 0.88 0.8 1.35 -0.24 0.72 0.88 0.25 0.56 0.0 1.92 0.32
T: 0 0 1 0;

I: 1.36 1.36 1.05 1.12 1.03 1.28 0.23 0.88 1.6 -0.48 0.23 0.79 0.24 0.57 0.0 1.85 0.32
T: 0 0 1 0;

I: 1.2 1.19 1.36 1.28 1.11 0.64 0.87 0.8 1.52 0.32 0.33 1.2 0.01 0.56 0.0 1.77 0.24
T: 0 0 1 0;

I: 1.04 1.03 1.04 1.11 1.03 0.64 0.72 0.96 1.28 -0.24 0.8 1.21 0.24 0.56 0.0 1.84 0.24
T: 0 0 1 0;

I: 0.96 0.8 1.19 1.29 1.19 0.65 0.8 0.8 1.51 0.24 0.48 1.03 0.64 0.48 0.0 1.68 0.01
T: 0 0 1 0;

I: 1.27 1.44 1.28 1.13 0.95 0.72 0.72 1.12 1.44 -0.31 -0.24 1.11 0.24 1.05 0.0 2.0 0.24
T: 0 0 1 0;

I: 0.96 0.87 1.12 1.29 1.29 0.64 0.88 0.95 1.36 0.24 0.57 5.51 1.36 0.24 0.0 1.92 0.24
T: 0 0 1 0;

I: 1.36 1.44 1.36 1.28 1.28 0.88 0.56 1.52 0.95 0.24 0.56 0.64 0.32 0.48 0.0 1.76 0.01
T: 0 0 1 0;

I: 1.19 1.12 1.28 1.45 0.79 0.64 0.88 0.86 1.53 0.24 0.64 0.47 0.24 0.8 0.0 1.76 0.25
T: 0 0 1 0;

I: 1.5 1.2 1.2 1.2 1.11 0.55 0.72 0.8 1.44 -0.24 0.48 0.8 0.01 0.56 0.0 1.68 0.32
T: 0 0 1 0;

I: 1.36 2.0 1.36 1.36 0.96 0.64 0.72 0.88 1.51 -0.24 5.6 0.56 0.23 0.71 0.0 1.76 0.24
T: 0 0 1 0;

I: 1.2 1.12 1.04 1.21 1.2 0.64 0.72 0.89 1.52 0.24 0.56 1.6 0.32 0.56 0.0 1.83 0.24
T: 0 0 1 0;

I: 1.2 1.28 1.84 1.52 1.36 0.8 0.87 0.88 1.68 0.72 1.04 4.72 1.52 0.48 0.0 1.92 0.24
T: 0 0 1 0;

I: 1.04 1.11 1.12 1.36 1.43 0.72 0.73 0.8 1.43 0.01 0.72 1.68 -0.24 0.56 0.0 1.84 0.24
T: 0 0 1 0;

I: 1.12 0.96 1.2 1.11 0.8 0.48 0.87 1.04 1.51 -0.24 0.64 0.4 0.25 0.73 0.0 1.68 -0.23
T: 0 0 1 0;

I: 0.96 1.02 0.96 1.12 1.44 0.56 0.8 0.96 1.28 0.01 0.8 1.36 0.24 0.24 0.0 1.84 0.24
T: 0 0 1 0;

I: 1.19 1.12 1.12 1.44 0.87 0.65 0.88 0.88 1.6 -0.24 0.56 2.96 0.25 1.2 0.0 1.92 0.24
T: 0 0 1 0;

I: 0.96 1.13 1.12 1.13 0.64 0.63 0.88 1.04 1.36 0.23 0.24 2.16 0.8 0.56 0.0 1.69 0.23
T: 0 0 1 0;

I: 1.52 0.96 1.28 1.28 1.12 0.72 0.8 1.21 1.36 -0.24 0.24 0.24 0.24 0.57 0.0 1.84 0.0
T: 0 0 1 0;

I: 1.12 0.96 0.96 1.12 1.2 0.72 0.96 1.12 1.36 0.24 1.28 2.41 3.44 0.24 0.0 1.77 0.24
T: 0 0 1 0;

I: 1.28 0.87 1.2 1.2 0.87 0.57 0.71 0.64 1.04 -0.23 0.72 1.13 0.32 0.65 0.0 1.76 0.24
T: 0 0 1 0;

I: 1.27 1.36 0.95 1.28 0.8 0.64 0.88 0.96 1.44 -0.32 0.32 1.44 0.24 0.72 0.0 1.92 0.32
T: 0 0 1 0;

I: 1.2 1.04 1.44 1.2 1.19 0.8 0.71 1.03 1.52 -0.24 0.4 0.72 0.01 0.48 0.0 1.61 -0.24
T: 0 0 1 0;

I: 1.11 1.35 1.21 1.35 1.2 0.63 0.88 0.72 1.6 0.01 0.32 0.8 0.24 0.64 0.0 1.84 0.24
T: 0 0 1 0;

I: 0.96 0.65 1.28 1.28 0.88 0.64 0.81 0.96 1.36 0.24 0.48 1.11 0.24 0.56 0.0 1.68 0.23
T: 0 0 1 0;

I: 1.36 1.2 1.21 1.12 1.04 0.72 0.88 0.88 1.28 -0.24 0.72 0.64 0.39 0.32 0.0 2.0 0.24
T: 0 0 1 0;

I: 1.45 1.19 0.4 1.6 0.63 0.56 0.72 0.8 1.52 -0.25 0.81 2.0 0.01 0.8 0.0 1.76 0.24
T: 0 0 1 0;

I: 1.2 1.04 1.12 1.36 0.96 0.88 0.8 1.36 1.36 0.32 1.28 0.8 0.88 0.56 0.0 1.77 0.32
T: 0 0 1 0;

I: 0.78 0.94 1.09 1.09 0.94 0.63 0.78 0.78 1.25 0.62 0.63 1.41 0.31 1.41 0.0 1.87 0.47
T: 0 0 0 1;

I: 0.78 1.56 1.09 1.09 1.56 0.62 0.78 0.78 1.09 2.81 0.94 1.87 1.09 1.09 0.0 1.87 0.31
T: 0 0 0 1;

I: 1.41 0.78 1.16 0.94 0.62 0.94 0.16 1.09 1.25 0.31 0.81 1.09 0.31 1.09 0.0 1.72 0.78
T: 0 0 0 1;

I: 0.94 0.94 1.09 1.25 0.94 0.69 0.68 0.78 1.25 0.31 0.78 1.09 0.16 0.94 0.0 1.56 0.16
T: 0 0 0 1;

I: 0.78 1.09 1.41 1.41 1.09 0.63 0.78 0.78 0.78 1.09 0.78 0.78 1.56 1.41 0.0 1.56 0.31
T: 0 0 0 1;

I: 0.78 1.09 1.41 1.25 1.09 0.63 0.62 1.09 1.25 0.47 0.47 1.41 0.47 1.25 0.0 1.56 0.0
T: 0 0 0 1;

I: 0.94 1.25 1.25 1.41 0.94 0.78 0.62 0.94 1.09 1.41 0.62 1.56 0.31 1.25 0.0 1.72 0.0
T: 0 0 0 1;

I: 0.94 0.78 1.25 1.72 0.78 0.47 0.62 0.78 0.94 0.16 0.47 1.09 -0.16 3.59 0.0 1.87 0.31
T: 0 0 0 1;

I: 0.94 0.94 1.41 1.09 1.25 0.62 0.78 0.78 1.25 0.78 0.62 1.09 0.31 1.09 0.0 2.03 0.31
T: 0 0 0 1;

I: 0.94 0.94 1.09 0.78 0.94 0.62 0.78 0.78 0.94 1.25 0.94 1.9 0.78 1.09 0.0 1.72 0.94
T: 0 0 0 1;

I: 1.41 0.94 1.09 1.56 0.94 0.78 0.78 0.78 1.09 0.78 0.62 1.56 0.31 0.78 0.0 1.72 0.31
T: 0 0 0 1;

I: 1.09 1.25 1.09 1.56 1.25 0.94 0.94 0.94 1.09 0.31 0.47 2.19 0.16 0.62 0.0 1.87 0.47
T: 0 0 0 1;

I: 1.25 1.09 1.25 1.56 0.94 0.62 0.78 0.78 0.94 0.62 0.94 1.25 0.31 0.94 0.0 1.87 1.25
T: 0 0 0 1;

I: 0.78 1.09 1.09 1.41 0.62 0.47 0.78 0.94 0.78 0.62 0.47 2.03 0.31 1.85 0.0 1.56 -0.31
T: 0 0 0 1;

I: 0.78 0.94 1.25 0.94 0.94 0.94 0.47 0.63 0.94 3.91 2.5 3.65 1.09 2.03 0.0 2.03 2.03
T: 0 0 0 1;

I: 0.94 1.27 0.94 1.25 0.94 0.78 0.62 0.94 1.09 0.47 0.78 1.41 0.16 0.94 0.0 1.87 3.12
T: 0 0 0 1;

I: 0.94 0.94 1.25 1.41 1.25 0.62 0.63 0.63 0.94 0.31 0.31 0.94 0.0 2.34 0.0 1.72 -0.16
T: 0 0 0 1;

I: 1.09 0.78 1.09 1.25 0.62 0.78 0.62 0.63 0.94 0.16 0.47 1.25 0.0 1.25 0.0 1.41 0.0
T: 0 0 0 1;

I: 0.94 1.09 1.41 1.73 0.94 0.78 0.62 0.62 0.94 1.5 0.94 1.41 0.47 1.72 0.0 1.87 0.31
T: 0 0 0 1;

I: 0.63 1.09 0.94 0.94 0.94 0.62 0.94 0.62 1.25 1.25 0.78 1.72 1.09 0.94 0.0 1.87 0.62
T: 0 0 0 1;

I: 0.78 1.09 1.09 1.09 0.94 0.62 0.78 0.78 0.63 0.47 0.62 1.72 0.31 1.09 0.0 1.72 0.31
T: 0 0 0 1;

I: 0.96 1.25 1.25 1.41 0.94 0.63 0.78 0.62 0.94 1.25 0.78 1.25 0.47 1.56 0.0 1.72 0.94
T: 0 0 0 1;

I: 0.78 1.25 0.94 1.56 0.63 0.62 0.78 0.78 0.94 0.78 0.47 2.03 -0.16 2.19 0.0 1.72 0.31
T: 0 0 0 1;

I: 1.25 1.09 1.09 0.94 1.25 0.78 0.78 0.78 1.09 1.56 1.72 4.22 0.62 0.78 0.0 1.72 0.31
T: 0 0 0 1;

I: 0.94 1.09 1.25 1.41 1.09 0.62 0.78 0.78 1.13 0.94 0.63 1.56 0.31 0.47 0.0 1.88 0.78
T: 0 0 0 1;

I: 1.25 0.94 1.09 1.41 0.63 0.78 0.63 0.94 0.94 0.16 0.78 1.72 0.31 1.72 0.0 1.72 0.16
T: 0 0 0 1;

I: 0.94 1.25 1.17 1.41 1.09 0.62 0.78 0.78 0.78 0.62 0.78 1.88 0.0 2.66 0.0 1.72 0.31
T: 0 0 0 1;

I: 1.09 0.78 0.97 1.56 0.63 0.62 0.62 0.62 1.25 0.31 0.47 1.56 0.0 0.94 0.0 1.87 0.31
T: 0 0 0 1;

I: 0.78 1.09 0.94 0.94 1.09 0.62 0.63 0.94 0.94 0.62 0.62 2.03 0.16 0.62 0.0 1.72 -0.31
T: 0 0 0 1;

I: 0.94 1.09 1.09 1.25 0.62 0.63 0.78 0.62 0.94 1.41 1.25 1.09 0.0 1.56 0.0 1.72 0.31
T: 0 0 0 1;

I: 1.56 1.09 1.09 1.25 0.94 0.94 0.78 0.62 1.09 0.0 0.94 1.72 0.16 0.78 0.0 1.72 0.31
T: 0 0 0 1;

I: 1.25 1.09 1.09 1.41 0.78 0.78 0.78 0.78 1.41 0.31 0.78 1.25 0.16 1.09 0.0 1.72 0.65
T: 0 0 0 1;

I: 0.94 1.09 1.25 1.59 0.94 0.47 0.78 0.47 0.94 0.78 0.78 2.19 0.47 1.09 0.0 1.72 0.0
T: 0 0 0 1;

I: 0.78 1.09 1.09 1.09 1.09 0.63 0.62 0.62 0.94 1.09 1.25 1.41 0.31 1.72 0.0 1.72 0.31
T: 0 0 0 1;

I: 0.78 1.09 1.09 1.41 0.63 0.78 0.62 0.78 0.94 0.47 0.78 2.03 0.16 1.25 0.0 1.72 0.47
T: 0 0 0 1;

I: 1.09 1.09 1.25 1.41 1.25 0.62 0.62 0.78 0.94 0.31 0.0 2.34 0.31 0.78 0.0 1.88 -0.31
T: 0 0 0 1;

I: 0.78 0.94 1.25 1.41 1.25 0.62 0.94 0.8 0.94 1.09 0.62 1.87 0.0 0.78 0.0 1.56 0.31
T: 0 0 0 1;

I: 1.25 1.09 0.94 1.25 0.94 0.62 0.78 0.94 1.25 0.78 1.25 2.19 0.31 0.94 0.0 1.72 0.31
T: 0 0 0 1;

I: 0.78 0.94 1.09 0.94 0.78 0.47 0.78 0.62 1.25 0.78 0.78 1.09 0.31 1.25 0.0 1.87 0.63
T: 0 0 0 1;

I: 0.94 1.41 0.94 1.25 1.25 0.47 0.94 0.62 1.25 2.03 1.25 1.41 0.31 1.09 0.0 1.87 0.62
T: 0 0 0 1;

I: 0.63 0.94 0.94 1.09 0.94 0.94 0.47 0.62 1.25 0.94 1.09 1.41 0.47 0.78 0.0 1.72 0.0
T: 0 0 0 1;

I: 0.62 1.25 0.94 1.25 0.63 0.47 0.94 0.47 1.09 0.62 0.47 1.41 0.31 1.25 0.0 1.87 0.47
T: 0 0 0 1;

I: 0.94 0.94 0.78 1.21 1.09 0.62 0.62 0.94 1.41 1.25 1.25 2.25 0.78 2.81 0.0 1.72 0.0
T: 0 0 0 1;

I: 0.62 1.41 0.94 0.78 0.78 0.78 0.78 0.78 0.78 1.25 1.25 1.72 0.78 1.25 0.0 1.87 0.62
T: 0 0 0 1;

I: 0.78 1.25 0.94 1.25 0.78 0.47 0.78 1.25 1.09 1.41 0.78 1.72 0.31 1.25 0.0 1.88 0.47
T: 0 0 0 1;

I: 1.41 1.41 1.42 1.41 0.94 0.62 0.94 0.94 1.09 2.03 0.94 1.41 0.31 0.78 0.0 1.72 -0.31
T: 0 0 0 1;

I: 1.25 0.94 1.09 1.56 0.78 0.62 0.78 0.94 0.94 0.47 0.16 3.12 1.09 1.87 0.0 1.56 0.16
T: 0 0 0 1;

I: 0.78 0.94 0.94 0.78 0.62 0.47 0.78 0.78 0.78 0.94 0.78 2.19 0.94 1.41 0.0 1.87 0.78
T: 0 0 0 1;

I: 1.09 0.78 1.09 0.78 0.62 0.78 0.78 1.56 0.78 0.16 0.78 1.41 0.31 0.78 0.0 5.62 0.31
T: 0 0 0 1;

I: 0.94 0.94 1.09 1.72 1.09 0.94 0.62 0.78 1.09 0.62 0.78 2.5 0.31 0.62 0.0 1.72 0.31
T: 0 0 0 1;

