I: 1.11 1.12 1.12 1.04 0.96 0.63 0.8 0.88 1.13 0.24 -0.24 0.24 -0.24 0.65 0.0 1.84 0.32
T: 1 0 0 0;

I: 1.2 0.95 0.72 1.11 0.96 0.56 0.88 0.96 0.88 0.0 0.24 0.24 -0.32 0.8 0.0 1.76 0.24
T: 1 0 0 0;

I: 1.36 1.44 1.12 0.96 0.95 0.56 0.72 1.36 1.12 -0.24 -0.48 -0.24 0.24 0.49 0.0 1.84 -0.32
T: 1 0 0 0;

I: 1.28 0.89 0.88 0.8 0.88 0.72 0.64 1.28 1.04 -0.24 0.24 0.24 0.01 0.47 0.0 1.6 -0.24
T: 1 0 0 0;

I: 1.12 0.79 0.96 0.96 0.96 0.8 0.72 0.96 0.87 0.01 0.72 0.01 0.95 0.24 0.0 1.6 0.25
T: 1 0 0 0;

I: 0.88 0.8 1.04 0.97 0.96 0.8 0.56 1.04 0.88 0.24 0.24 -0.32 0.33 0.4 0.0 1.6 -0.24
T: 1 0 0 0;

I: 1.28 1.12 0.88 0.97 1.52 0.88 0.64 1.12 1.19 0.24 -0.24 0.32 1.27 0.4 0.0 1.76 0.01
T: 1 0 0 0;

I: 1.45 1.2 0.96 1.12 0.87 0.64 0.71 1.36 1.12 -0.25 -0.32 -0.24 0.01 0.56 0.0 1.68 -0.32
T: 1 0 0 0;

I: 1.2 0.87 0.8 1.12 0.96 0.73 0.88 0.96 1.04 0.25 -0.24 0.24 -0.24 0.63 0.0 1.84 0.24
T: 1 0 0 0;

I: 1.36 1.2 0.96 0.95 0.97 0.56 0.8 1.12 1.04 -0.47 -0.24 0.01 0.24 0.31 0.0 1.68 -0.24
T: 1 0 0 0;

I: 1.2 1.04 0.79 0.72 0.96 0.64 0.56 1.13 0.8 -0.24 0.25 -0.24 0.4 0.32 0.0 1.44 -0.33
T: 1 0 0 0;

I: 1.36 1.21 0.72 1.04 1.2 0.56 0.87 1.36 1.04 -0.24 -0.25 0.24 -0.24 0.32 0.0 1.69 -0.24
T: 1 0 0 0;

I: 1.44 1.12 0.96 1.36 1.04 0.72 0.8 0.96 0.88 -0.24 -0.24 0.56 -0.24 0.8 0.0 1.92 0.24
T: 1 0 0 0;

I: 1.21 0.86 1.2 0.96 0.95 0.64 0.8 0.88 0.96 0.01 -0.24 -0.24 0.25 0.56 0.0 1.92 0.24
T: 1 0 0 0;

I: 1.59 0.63 0.88 0.88 0.88 0.64 0.9 1.28 0.89 0.01 -0.24 0.24 0.25 1.04 0.0 1.83 -0.24
T: 1 0 0 0;

I: 1.35 1.28 1.19 0.88 1.11 0.64 0.72 1.12 1.04 -0.24 -0.23 0.24 0.01 0.48 0.0 1.68 -0.24
T: 1 0 0 0;

I: 1.28 1.12 0.88 0.97 0.8 0.63 0.72 1.28 1.04 -0.24 0.24 0.24 0.23 0.49 0.0 1.84 -0.24
T: 1 0 0 0;

I: 1.36 0.96 1.13 0.78 0.88 0.56 0.8 1.12 1.52 -0.24 -0.48 0.01 0.32 0.48 0.0 1.76 -0.24
T: 1 0 0 0;

I: 1.24 1.04 1.11 0.96 0.72 0.72 0.89 0.79 0.96 -0.24 0.01 -0.32 0.24 0.56 0.0 1.92 0.48
T: 1 0 0 0;

I: 1.27 1.28 0.96 1.12 0.79 0.56 0.72 0.96 0.95 -0.24 -0.24 0.32 0.25 0.64 0.0 1.68 0.33
T: 1 0 0 0;

I: 1.1 1.2 0.98 0.89 1.01 0.88 1.02 1.01 1.16 2.02 1.53 1.8 1.35 1.79 0.0 2.46 1.66
T: 0 1 0 0;

I: 1.17 1.16 0.96 1.1 1.04 1.03 0.95 1.0 0.93 0.82 0.95 1.2 0.94 1.15 0.0 2.25 1.24
T: 0 1 0 0;

I: 1.26 1.3 1.16 1.09 1.0 1.08 0.66 0.98 1.1 0.15 -0.1 0.59 0.61 0.71 0.0 2.16 1.0
T: 0 1 0 0;

I: 1.21 1.29 1.02 0.97 1.11 1.03 0.55 1.45 1.12 0.96 0.83 0.66 0.34 0.79 0.0 2.13 0.65
T: 0 1 0 0;

I: 1.09 1.03 1.01 1.07 1.11 1.01 1.37 1.02 0.92 1.15 1.03 1.31 1.14 1.18 0.0 2.18 1.48
T: 0 1 0 0;

I: 0.98 1.1 0.93 1.02 1.2 1.02 0.78 0.96 0.89 1.1 1.26 1.0 0.57 0.57 0.0 2.18 0.65
T: 0 1 0 0;

I: 1.21 1.29 1.06 1.11 1.01 0.88 1.14 0.46 1.07 1.14 1.23 1.19 0.92 1.25 0.0 2.53 0.92
T: 0 1 0 0;

I: 1.2 0.93 1.02 1.25 1.06 1.16 1.11 2.72 0.23 0.84 1.04 1.25 0.47 1.56 0.0 2.28 0.02
T: 0 1 0 0;

I: 1.17 1.12 1.13 2.82 0.17 0.97 0.59 1.02 1.08 0.66 0.61 -0.03 0.03 0.72 0.0 2.2 0.31
T: 0 1 0 0;

I: 1.05 1.21 1.2 0.99 1.17 1.02 0.64 1.1 1.04 0.36 -0.64 0.55 0.61 0.81 0.0 2.76 0.43
T: 0 1 0 0;

I: 1.2 1.75 1.03 1.2 1.12 0.89 0.5 1.11 0.98 0.79 0.01 3.47 0.62 0.12 0.0 1.77 0.17
T: 0 1 0 0;

I: 1.05 1.2 1.17 0.98 1.29 0.97 0.69 0.02 1.2 1.54 0.83 0.26 0.54 0.56 0.0 3.04 0.16
T: 0 1 0 0;

I: 1.02 1.04 0.93 1.03 0.96 1.79 0.21 1.02 0.98 1.72 1.1 1.11 0.53 1.23 0.0 2.24 1.66
T: 0 1 0 0;

I: 0.88 1.25 1.02 1.06 1.11 0.96 0.94 1.07 1.05 1.45 1.19 1.06 0.53 1.2 0.0 2.26 0.77
T: 0 1 0 0;

I: 1.03 1.26 0.93 1.16 1.05 1.02 1.55 1.15 1.07 1.65 1.59 1.41 1.66 1.76 0.0 2.43 1.25
T: 0 1 0 0;

I: 1.01 1.01 0.96 1.11 1.07 0.96 1.38 0.9 1.06 1.4 1.84 1.52 1.08 1.82 0.0 2.28 1.31
T: 0 1 0 0;

I: 0.03 1.74 1.19 1.02 3.33 0.42 0.71 1.16 2.63 0.01 -0.41 2.33 1.19 0.03 0.0 2.56 1.43
T: 0 1 0 0;

I: 1.19 1.62 1.14 1.14 1.1 0.83 0.46 1.1 0.92 4.52 0.08 -0.03 0.55 0.68 0.0 2.05 0.57
T: 0 1 0 0;

I: 1.11 2.06 0.96 1.03 0.96 1.03 2.04 0.98 1.21 1.27 0.32 1.26 0.69 1.46 0.0 1.75 0.92
T: 0 1 0 0;

I: 1.15 1.3 1.03 1.12 1.1 0.94 0.49 1.06 1.0 1.04 1.26 0.59 0.77 0.79 0.0 2.67 0.75
T: 0 1 0 0;

I: 1.12 1.12 1.2 1.2 1.44 0.73 0.8 0.88 1.59 0.24 0.32 1.28 0.24 0.72 0.0 1.84 0.01
T: 0 0 1 0;

I: 1.2 1.11 1.02 2.0 1.04 0.72 0.88 1.12 1.68 -0.32 0.25 0.97 -0.8 0.96 0.0 1.68 -0.24
T: 0 0 1 0;

I: 1.35 0.64 1.44 1.2 1.2 0.62 0.72 1.04 1.36 0.24 1.6 0.64 0.56 0.02 0.0 1.84 0.24
T: 0 0 1 0;

I: 1.03 1.52 0.96 1.43 1.12 0.55 0.73 0.95 1.6 0.73 1.36 9.77 0.24 0.24 0.0 1.84 0.24
T: 0 0 1 0;

I: 1.36 1.2 1.28 1.21 1.2 0.8 0.71 0.79 1.43 -0.24 0.24 0.56 0.32 0.8 0.0 1.93 0.25
T: 0 0 1 0;

I: 1.28 1.28 1.28 1.2 1.2 0.55 0.88 0.96 1.44 -0.24 0.4 1.12 0.01 0.8 0.0 1.76 0.24
T: 0 0 1 0;

I: 1.04 0.8 1.36 1.2 0.81 0.64 0.88 0.88 0.24 0.32 0.72 0.64 0.47 0.72 0.0 1.84 -0.63
T: 0 0 1 0;

I: 1.36 1.11 1.44 1.52 1.2 0.4 0.87 0.96 1.44 0.01 0.32 3.12 0.48 0.56 0.0 2.01 0.25
T: 0 0 1 0;

I: 1.04 1.12 1.12 1.12 1.27 0.96 0.56 1.52 0.87 -0.24 0.48 1.04 0.01 0.24 0.0 1.92 0.01
T: 0 0 1 0;

I: 1.28 1.2 1.27 1.12 0.96 0.64 0.8 0.73 1.36 -0.32 0.24 0.89 0.56 1.04 0.0 1.84 0.24
T: 0 0 1 0;

I: 1.11 1.12 1.28 1.36 0.89 0.64 0.8 0.72 1.51 -0.31 0.24 0.55 0.24 0.72 0.0 1.84 0.24
T: 0 0 1 0;

I: 1.19 1.76 0.96 1.12 1.13 0.64 0.8 0.96 1.35 0.24 0.48 3.77 0.64 0.79 0.0 1.76 0.01
T: 0 0 1 0;

I: 1.36 0.8 1.21 1.12 0.96 0.56 0.8 0.88 1.44 -0.24 0.32 1.35 0.25 0.64 0.0 1.92 0.24
T: 0 0 1 0;

I: 1.19 0.88 1.2 1.35 1.12 0.64 0.88 0.96 1.52 0.24 0.64 0.8 0.24 0.56 0.0 2.16 0.4
T: 0 0 1 0;

I: 1.19 0.96 1.36 1.2 1.29 0.81 0.79 0.88 1.6 0.24 0.8 0.88 0.24 0.24 0.0 2.09 0.25
T: 0 0 1 0;

I: 1.12 1.12 1.12 1.2 0.8 0.64 0.71 0.96 1.19 -0.32 0.57 0.87 0.24 0.72 0.0 1.92 0.24
T: 0 0 1 0;

I: 1.04 1.19 0.72 1.2 1.03 0.8 0.72 1.12 1.52 0.01 0.32 3.44 0.4 0.72 0.0 1.84 0.24
T: 0 0 1 0;

I: 1.19 1.44 1.28 1.19 0.73 0.72 0.8 0.88 1.36 0.24 0.48 0.72 0.24 0.88 0.0 1.84 0.32
T: 0 0 1 0;

I: 1.36 1.21 1.2 1.37 0.94 0.72 0.8 1.13 1.52 0.23 0.64 1.2 0.01 0.8 0.0 2.0 0.24
T: 0 0 1 0;

I: 1.44 1.44 1.05 1.36 1.28 0.8 0.79 0.8 1.51 -0.48 -0.24 5.51 0.48 0.64 0.0 1.85 0.24
T: 0 0 1 0;

I: 1.25 1.56 1.25 1.56 1.09 0.62 0.62 0.63 1.09 0.47 0.31 1.41 0.31 1.41 0.0 1.72 0.0
T: 0 0 0 1;

I: 0.94 1.09 1.25 1.41 1.09 0.47 0.78 0.78 0.94 0.78 0.16 1.41 0.31 3.59 0.0 1.87 0.16
T: 0 0 0 1;

I: 1.72 1.41 1.25 1.72 1.09 0.78 0.78 0.94 1.09 1.56 1.25 1.41 0.62 0.78 0.0 1.87 0.31
T: 0 0 0 1;

I: 0.94 1.25 1.41 1.41 1.09 0.62 0.94 0.78 0.94 0.62 0.47 1.25 -0.16 0.78 0.0 1.72 0.31
T: 0 0 0 1;

I: 1.25 1.09 0.94 1.25 0.63 0.94 0.16 1.25 0.94 0.31 0.78 2.34 0.31 1.41 0.0 2.19 0.62
T: 0 0 0 1;

I: 0.94 0.78 0.94 0.94 0.94 0.63 0.78 0.78 1.09 0.16 0.94 1.56 0.47 0.94 0.0 1.72 0.31
T: 0 0 0 1;

I: 1.09 1.25 1.09 1.56 1.09 0.62 0.78 0.94 1.09 0.78 0.78 0.94 -0.31 1.41 0.0 1.56 -0.16
T: 0 0 0 1;

I: 0.94 1.25 1.1 1.56 0.94 0.63 0.62 0.94 0.94 1.41 1.09 5.35 1.25 2.03 0.0 2.03 0.31
T: 0 0 0 1;

I: 1.25 1.09 1.25 1.41 0.94 0.62 5.47 1.09 0.78 0.62 0.62 1.41 0.16 1.88 0.0 3.13 0.78
T: 0 0 0 1;

I: 1.01 0.94 1.09 1.56 0.62 0.62 0.78 0.94 0.78 0.7 1.41 7.66 0.16 1.87 0.0 1.56 0.62
T: 0 0 0 1;

I: 0.78 1.25 1.09 0.94 1.09 0.62 0.78 0.62 0.78 1.41 1.56 2.19 0.16 1.56 0.0 1.72 0.31
T: 0 0 0 1;

I: 1.41 0.62 1.09 1.41 0.63 0.78 0.78 0.94 1.09 0.63 0.78 3.59 0.31 0.94 0.0 1.72 0.47
T: 0 0 0 1;

I: 0.78 1.09 1.56 0.94 1.09 0.79 0.78 0.63 1.09 0.62 0.78 0.94 0.31 0.62 0.0 1.72 -0.16
T: 0 0 0 1;

I: 1.09 1.09 0.78 1.41 0.78 0.78 0.78 0.78 1.25 0.62 0.63 1.72 0.16 1.09 0.0 1.72 0.31
T: 0 0 0 1;

I: 0.62 1.09 1.25 1.25 1.41 0.63 0.78 0.78 1.09 2.03 0.94 1.41 0.62 1.09 0.0 1.87 0.63
T: 0 0 0 1;

I: 0.94 0.94 0.94 1.56 0.94 0.78 0.94 0.78 1.14 1.25 1.09 1.41 0.16 0.94 0.0 1.56 0.47
T: 0 0 0 1;

I: 1.25 1.09 1.25 1.41 0.94 0.62 0.78 0.94 0.94 1.56 0.31 0.94 0.16 1.41 0.0 1.72 0.0
T: 0 0 0 1;

I: 0.94 1.25 1.56 1.25 0.31 0.78 0.62 0.94 1.41 0.47 0.47 0.62 0.16 1.25 0.0 1.72 0.31
T: 0 0 0 1;

I: 0.78 1.09 1.25 1.72 1.09 0.63 0.78 0.78 0.94 1.09 0.63 2.34 -0.16 1.41 0.0 1.87 0.31
T: 0 0 0 1;

I: 0.78 0.94 1.09 0.94 0.94 0.62 0.62 0.62 0.94 1.56 1.09 0.78 0.16 1.09 0.0 1.72 0.47
T: 0 0 0 1;

